1 2
2 3
2 6
3 9
12 45
234 13
13 42
42 13
23 456
123 97
1235 564
245 245
255 255
240 2364
245 445
23 62
23 67
14 57
887 964
244 52
12345 5676
5354 2566
3456 3245
87 45
554 7865
2443 3633
2564 2464
2463 2456
4466 3446
45 64
245 367
246 576
3244 5675
5454 667
23 54
467 1234
457 4745
2335 3464
2345 535
2466 999
454 567
244 444
245 566
246 247
124 66
876 765
24534 4524
4468 12344
9872 345
765 124
245 255
1 1
1 2
1 5
14 25
256 467
4567 7654
765 536
255 256
234 567
12456 34556
13476 44567
23457 35664
3467 3446
9876 6798
655 3333
222 333
987 988
12345 12347
2353 34653
13256 47435
24 65
244 367
25 35
356 678
2456 5467
876 450
980 5767
2456 6477
2456 647
3424 5609
4560 7023
2398 8070
2354 4676
3423 4535
235 3456
34354 1
1 3435
1245 4464
23 567
135 46
356 467
2456 5754
2435 6899
2435 7557
4508 8754
2435 1243
245 3567
455 644
1345 456
3254 465
245 3567
1324 4356
245 456
2456 2456
45 435
224 553
15 45
